0.0125
0.0155622
0.0188028
0.0220225
0.0251739
0.0283575
0.0315671
0.0346718
0.037807
0.0409194
0.044009
0.0469958
0.0501094
0.0533684
0.0564755
0.0597333
0.0629604
0.0661985
0.0694639
0.0727234
0.0759233
0.0791756
0.0824624
0.0857856
0.088989
0.0922925
0.0955408
0.0988264
0.102119
0.105333
0.108622
0.11187
0.115092
0.118292
0.121612
0.124877
0.128106
0.131392
0.134567
0.137825
0.141042
0.144201
0.147428
0.150482
0.153547
0.156446
0.159054
0.161497
0.163555
0.165323
0.166849
0.168222
0.169511
0.170778
0.172041
0.173356
0.174653
0.176007
0.177406
0.178814
0.180285
0.181788
0.183379
0.185024
0.18669
0.188416
0.190249
0.192094
0.194002
0.196006
0.198009
0.200095
0.202269
0.204629
0.206923
0.209271
0.211805
0.214307
0.216816
0.219463
0.222102
0.224908
0.227761
0.230611
0.233504
0.236507
0.239536
0.242592
0.245711
0.248927
0.252211
0.255415
0.25867
0.261961
0.265395
0.268777
0.272197
0.275633
0.279145
0.28263
0.286162
0.289657
0.293375
0.296912
0.300553
0.304185
0.307884
0.31159
0.315339
0.318998
0.322701
0.326503
0.330194
0.333943
0.337816
0.341577
0.345387
0.349107
0.352896
0.356747
0.360634
0.364504
0.368412
0.372316
0.376161
0.380154
0.384045
0.388066
0.391998
0.395831
0.399814
0.403848
0.407752
0.411772
0.415715
0.419725
0.423716
0.427745
0.431811
0.435917
0.44007
0.444198
0.448356
0.452537
0.456748
0.46093
0.465232
0.469442
0.473654
0.477999
0.48231
0.486577
0.491041
0.495551
0.499862
0.504325
0.508678
0.513231
0.517772
0.522348
0.526967
0.531655
0.536287
0.54098
0.545712
0.550426
0.555344
0.560256
0.565195
0.570167
0.575171
0.580142
0.58539
0.590458
0.595611
0.600833
0.606182
0.611581
0.617028
0.622459
0.628005
0.633544
0.639143
0.644725
0.650348
0.656132
0.662093
0.668042
0.673992
0.68028
0.686232
0.692593
0.699004
0.705589
0.712051
0.718592
0.72509
0.731873
0.738906
0.746058
0.75331
0.760615
0.768104
0.775839
0.783677
0.791406
0.799522
0.807688
0.815839
0.824358
0.832817
0.841343
0.850304
0.859617
0.868935
0.87839
0.887984
0.897707
0.908025
0.918321
0.928785
0.939593
0.950779
0.962017
0.973703
0.985474
0.997758
1.01046
1.02336
1.03649
1.05061
1.06468
1.07947
1.09413
1.10948
1.12484
1.14126
1.15808
1.17517
1.1927
1.21091
1.22963
1.24876
1.26837
1.28837
1.30813
1.32812
1.34874
1.37
