0.012500
0.034754
0.057008
0.079262
0.101516
0.123770
0.146025
0.168279
0.190533
0.212787
0.235041
0.257295
0.279549
0.301803
0.324057
0.346311
0.368566
0.390820
0.413074
0.435328
0.457582
0.479836
0.502090
0.524344
0.546598
0.568852
0.591107
0.613361
0.635615
0.657869
0.680123
0.702377
0.724631
0.746885
0.769139
0.791393
0.813648
0.835902
0.858156
0.880410
0.902664
0.924918
0.947172
0.969426
0.991680
1.013934
1.036189
1.058443
1.080697
1.102951
1.125205
1.147459
1.169713
1.191967
1.214221
1.236475
1.258730
1.280984
1.303238
1.325492
1.347746
1.370000
